1001
1003
1004
1006
1008
1010
1013
1014
1016
1019
1022
1023
1024
1026
1030
1031
1032
1033
1034
1035
1037
1038
1040
1041
1042
1043
1045
1046
1047
1048
1050
1052
1053
1054
1055
1057
1058
1059
1060
1064
1065
1066
1067
1068
1069
1070
1071
1072
1073
1074
1075
1076
1077
1078
1079
1080
1081
1082
1083
1084
1085
1086
1087
1088
1089
1090
1091
1092
1093
1094
1095
1096
1097
1098
1099
1105
1106
1107
1108
1109
1110
1111
1112
1113
1114
1115
1116
1117
1118
1119
1120
1121
1122
1123
1124
1125
1126
1127
1128
1130
1131
1132
1133
1134
1135
1136
1137
1138
1139
1140
1141
1142
1143
1144
1145
1146
1147
1148
1149
1150
1151
1152
1153
1155
1156
1157
1158
1159
1160
1161
1162
1163
1164
1165
1166
1167
1168
1170
1174
1175
1176
1177
1180
1181
1184
1185
1186
1187
1188
1189
1190
1191
1192
1193
1195
1196
1197
1198
1199
1200
1201
1202
1203
1204
1205
1206
1207
1209
1210
1211
1500
1501
1502
1503
1504
1505
1506
1507
1508
1509
1510
1511
1512
1513
1514
1515
1516
1517
1518
1519
1520
1521
1522
1523
1524
1525
1526
1527
1528
1529
1530
1531
1532
1533
1534
1535
1536
1537
1538
1539
1540
1541
1542
1543
1544
1545
1546
1547
1548
1549
1551
1552
1553
1554
1555
1556
1557
1558
1559
1560
1561
1562
1563
1564
1565
1566
1567
1568
1569
1570
1571
1572
1573
1574
1575
1576
1577
1579
1580
1581
1582
1583
1584
1585
1588
1590
1591
1592
1593
1595
1596
1597
1598
1599
1600
1601
1602
1603
1604
1605
1606
1607
1608
1609
1610
1611
1612
1613
1614
1615
1616
1617
1618
1619
1620
1621
1622
1623
1624
1625
1626
1627
1628
1629
1630
1631
1632
1633
1634
1635
1636
1637
1638
1639
1640
1641
1642
1643
1644
1645
1646
1647
1648
1649
1650
1651
1652
1653
1654
1655
1656
1657
1658
1659
1660
1661
1663
1664
1665
1666
1667
1668
1669
1670
1671
1672
1674
1675
1676
1677
1678
1679
1680
1681
1682
1683
1684
1685
1687
1688
1689
1690
1691
1692
1693
1695
1696
1698
1699
1700
1701
1702
1703
1704
1705
1706
1707
1708
1709
1710
1711
1712
1713
1714
1715
1716
1717
1718
1719
1720
1721
1722
1723
1724
1725
1726
1727
1728
1729
1730
1731
1732
1733
1734
1735
1736
1737
1738
1739
1740
1741
1742
1743
1744
1745
1746
1747
1748
1749
1750
1751
1752
1753
1754
1755
1756
1757
1758
1759
1760
1761
1762
1763
1764
1765
1766
1767
1768
1769
1770
1771
1772
1773
1774
1775
1776
1777
1778
1779
1780
1781
1782
1783
1784
1785
1786
1787
1788
1789
1790
1791
1792
1793
1794
1795
1796
1797
1798
1799
1800
1801
1802
1803
1805
1806
1807
1808
1809
1810
1811
1812
1813
1814
1815
1816
1817
1818
1819
1820
1821
1822
1823
1824
1825
1826
1827
1828
1829
1830
1831
1832
1833
1834
1835
1836
1837
1838
1839
1841
1842
1843
1845
1847
1848
1849
1850
1852
1853
1854
1855
1856
1857
1858
1859
1860
1861
1862
1863
1864
1865
1866
1867
1868
1869
1870
1871
1872
1873
1874
1875
1877
1878
1879
1880
1881
1882
1883
1886
1887
1888
1889
1890
1891
1892
1893
1894
1895
1896
1897
1898
1899
1900
1901
1903
1904
1905
1906
1907
1908
1909
1910
1911
1913
1914
1916
1917
1920
1922
1923
1924
1925
1926
1932
1933
1934
1935
1937
1938
1939
1940
1941
1942
1944
1945
1946
1948
1952
1953
1955
1956
1957
1958
1959
1962
1965
1966
1967
1968
1969
1971
1972
1973
1976
1979
1980
1982
1983
1984
1985
1986
1987
1988
1989
1990
2201
2202
2203
2204
2205
2206
2207
2208
2209
2210
2211
2212
2213
2214
2215
2216
2217
2218
2219
2220
2221
2222
2223
2224
2225
2226
2227
2228
2229
2230
2231
2232
2233
2234
2235
2236
2237
2238
2239
2240
2241
2244
2245
2246
2247
2248
2249
2250
2251
2252
2253
2254
2255
2256
2257
2258
2260
2261
2263
2265
2267
2268
2270
2271
2272
2273
2274
2275
2277
2278
2279
2280
2282
2284
2288
2289
2291
2293
2294
2295
2296
2299
2300
2301
2302
2303
2304
2305
2308
2309
2310
2311
2312
2313
2314
2315
2318
2319
2321
2322
2326
2327
2328
2330
2331
2333
2334
2335
2336
2338
2339
2340
2341
2343
2344
2345
2346
2348
2349
2350
2351
2352
2354
2355
2356
2357
2358
2360
2361
2362
2363
2364
2365
2366
2367
2368
2369
2370
2371
2372
2374
2375
2376
2378
2379
2380
2382
2383
2384
2385
2386
2388
2389
2391
2393
2395
2396
2397
2399
2400
2401
2402
2405
2407
2409
2411
2412
2414
2417
2418
2419
2420
2421
2423
2424
2428
2429
2431
2432
2434
2435
2436
2437
2438
2440
2441
2442
2444
2448
2449
2450
2451
2452
2453
2457
2458
2459
2460
2462
2464
2465
2466
2468
2470
2471
2472
2473
2474
2476
2477
2478
2479
2480
2481
2483
2484
2485
2486
2487
2488
2489
2490
2491
2496
2497
2499
2500
2501
2502
2503
2504
2505
2506
2507
2508
2509
2510
2511
2512
2513
2514
2516
2517
2518
2519
2520
2521
2522
2523
2524
2525
2526
2527
2528
2529
2530
2531
2532
2533
2534
2535
2536
2537
2538
2539
2540
2541
2542
2543
2544
2545
2546
2547
2548
2550
2551
2552
2553
2554
2555
2556
2557
2558
2559
2560
2561
2562
2563
2564
2565
2566
2567
2568
2570
2571
2572
2573
2574
2575
2576
2577
2578
2579
2580
2581
2582
2583
2584
2585
2586
2587
2588
2589
2591
2592
2593
2594
2595
2596
2597
2598
2600
2601
2602
2603
2604
2605
2606
2607
2608
2609
2610
2611
2612
2613
2614
2617
2618
2619
2620
2621
2622
2623
2624
2625
2626
2627
2628
2629
2630
2634
2636
2637
2638
2639
2643
2644
2645
2646
2647
2648
2649
2650
2651
2652
2653
2654
2655
2656
2657
2658
2659
2660
2661
2662
2663
2664
2666
2668
2669
2670
2673
2674
2676
2681
2683
2685
2687
2690
2691
2693
2697
2698
2700
2701
2702
2704
2706
2707
2709
2712
2714
2715
2719
2721
2723
2724
2725
2726
2727
2728
2729
2730
2731
2732
2733
2734
2736
2737
2738
2739
2742
2746
2750
2751
2752
2753
2755
2756
2759
2761
2763
2765
2766
2767
2768
2769
2770
2771
2772
2773
2774
2776
2777
2778
2779
2780
2781
2783
2785
2786
2788
2789
2790
2792
2793
2795
2798
2800
2801
2803
2806
2808
2809
2810
2812
2813
2816
2819
2820
2821
2822
2823
2824
2825
2826
2828
2833
2834
2837
2838
2840
2842
2844
2845
2847
2848
2849
2851
2852
2853
2854
2855
2856
2858
2862
2863
2865
2866
2867
2868
2869
2870
2878
2879
2884
2885
2886
2893
2894
2895
2898
2903
2904
2905
2907
2908
2910
2918
2920
2921
2927
2928
2929
2930
2933
2938
2939
2940
2942
2943
2944
2945
2948
2954
2955
2956
2961
2962
2965
2967
2968
2969
2970
2974
2975
2978
2980
2981
2982
2984
2991
2993
2995
2996
3000
3002
3003
3006
3015
3022
3026
3027
3028
3032
3033
3034
3039
3040
3041
3045
3048
3050
3051
3057
3071
3088
3095
3151
3159
3164
3166
3167
3168
3169
3202
3206
3214
3216
3240
3248
3256
3274
3278
3284
3292
3293
3456
3608
0003
0004
0005
0008
0009
0010
0012
0015
0016
0018
0019
0022
0026
0028
0031
0033
0035
0037
0042
0044
0046
0052
0053
0057
0056
0059
0061
0063
0066
0069
0071
0072
0075
0077
0080
0082
0086
0088
0089
0090
0091
0092
0095
0097
0098
0102
0103
0104
0107
0110
0113
0116
0117
0118
0119
0120
0124
0127
0126
0129
0137
0138
0139
0140
0145
0146
0149
0152
0159
0165
0167
0168
0172
0174
0175
0177
0178
0179
0180
0181
0183
0186
0187
0188
0191
0190
0195
0197
0199
0200
0202
0203
0205
0207
0208
0209
0210
0211
0212
0215
0220
0221
0222
0223
0224
0226
0231
0232
0235
0236
0240
0241
0242
0243
0244
0246
0245
0247
0248
0249
0250
0252
0255
0258
0265
0264
0268
0269
0270
0271
0272
0275
0278
0279
0281
0282
0285
0288
0289
0292
0297
0298
0303
0305
0311
0313
0316
0317
0318
0319
0321
0330
0340
0342
0351
0356
0358
0357
0377
0381
0385
0387
0388
0390
0397
0402
0403
0404
0408
0410
0411
0413
0415
0414
0416
0417
0419
0420
0422
0423
0424
0425
0426
0428
0432
0433
0434
0435
0436
0437
0439
0438
0440
0441
0442
0444
0445
0446
0447
0448
0449
0450
0452
0451
0453
0454
0455
0456
0457
0458
0460
0459
0461
0462
0463
0464
0465
0466
0467
0468
0469
0470
0471
0472
0473
0474
0477
0476
0478
0479
0480
0481
0482
0483
0484
0486
0485
0487
0488
0489
0490
0491
0492
0493
0494
0495
0496
0497
0498
0499
0500
0501
0502
0503
0505
0504
0506
0507
0508
0509
0510
0511
0512
0513
0514
0515
0516
0517
0518
0519
0520
0521
0522
0523
0524
0525
0526
0527
0529
0528
0530
0531
0532
0533
0534
0538
0535
0539
0537
0540
0542
0541
0543
0545
0547
0548
0546
0549
0550
0552
0551
0553
0554
0555
0556
0557
0558
0559
0560
0561
0562
0563
0564
0567
0566
0568
0569
0573
0575
0576
0577
0578
0579
0580
0581
0582
0586
0588
0587
0589
0590
0591
0593
0592
0594
0596
0597
0595
0599
0598
0603
0604
0605
0606
0607
0609
0610
0611
0612
0613
0614
0615
0616
0617
0619
0618
0620
0621
0622
0623
0624
0625
0626
0627
0628
0629
0630
0631
0632
0633
0634
0635
0637
0636
0638
0639
0640
0641
0642
0644
0645
0646
0647
0643
0649
0650
0651
0652
0653
0655
0656
0654
0657
0658
0659
0660
0661
0663
0662
0664
0665
0667
0668
0669
0670
0671
0674
0675
0677
0678
0679
0680
0681
0682
0676
0685
0684
0686
0687
0688
0689
0690
0691
0692
0695
0693
0694
0697
0696
0698
0701
0700
0703
0702
0704
0707
0705
0708
0706
0709
0710
0711
0712
0713
0714
0715
0716
0717
0719
0718
0720
0721
0722
0724
0726
0727
0725
0728
0729
0730
0731
0732
0733
0734
0735
0736
0737
0738
0740
0739
0742
0741
0748
0746
0749
0750
0751
0754
0753
0755
0756
0757
0758
0759
0760
0761
0763
0765
0764
0766
0768
0767
0769
0770
0771
0772
0773
0774
0775
0777
0778
0779
0780
0781
0784
0783
0785
0786
0787
0790
0791
0792
0795